15 15 hits=39 cellHits=40 thr=10.0000 half=44 pad=44
0.0000,0.0000,0.0000,0.0000,0.0000,0.0000,0.0000,0.0000,0.0000,0.0000,0.0000,0.0000,0.0000,0.0000,0.0000,
0.0000,0.0000,0.0000,0.0000,0.0000,0.0000,0.0000,0.0000,0.0000,0.0000,0.0000,0.0000,0.0000,0.0000,0.0000,
0.0000,0.0000,0.0000,0.0000,0.0000,0.0000,0.0000,0.0000,0.0000,0.0000,0.0000,0.0000,0.0000,0.0000,0.0000,
0.0000,0.0000,0.0000,0.0000,0.0000,0.0000,0.0000,0.0000,0.0000,0.0000,0.0000,0.0000,0.0000,0.0000,0.0000,
0.0000,0.0000,0.0000,0.0000,0.0000,0.0000,0.0000,0.0000,0.0000,0.0000,0.0000,0.0000,57.0000,0.0000,0.0000,
0.0000,0.0000,0.0000,0.0000,0.0000,0.0000,0.0000,0.0000,-146.0000,-146.0000,57.0000,-146.0000,0.0000,0.0000,0.0000,
0.0000,0.0000,0.0000,0.0000,0.0000,0.0000,0.0000,-146.0000,57.0000,57.0000,-146.0000,0.0000,0.0000,0.0000,0.0000,
0.0000,0.0000,0.0000,0.0000,0.0000,0.0000,57.0000,57.0000,-146.0000,-146.0000,-146.0000,57.0000,0.0000,0.0000,0.0000,
0.0000,0.0000,0.0000,0.0000,0.0000,0.0000,0.0000,-146.0000,-146.0000,57.0000,57.0000,0.0000,0.0000,0.0000,0.0000,
0.0000,0.0000,0.0000,0.0000,0.0000,0.0000,57.0000,57.0000,-146.0000,57.0000,-146.0000,0.0000,0.0000,0.0000,0.0000,
0.0000,0.0000,0.0000,0.0000,57.0000,-146.0000,-146.0000,-146.0000,-146.0000,57.0000,0.0000,0.0000,0.0000,0.0000,0.0000,
0.0000,0.0000,0.0000,0.0000,0.0000,0.0000,-146.0000,57.0000,57.0000,57.0000,0.0000,0.0000,0.0000,0.0000,0.0000,
0.0000,0.0000,0.0000,0.0000,0.0000,-146.0000,0.0000,57.0000,0.0000,-146.0000,0.0000,0.0000,0.0000,0.0000,0.0000,
0.0000,0.0000,0.0000,0.0000,57.0000,0.0000,57.0000,0.0000,0.0000,0.0000,0.0000,0.0000,0.0000,0.0000,0.0000,
0.0000,0.0000,0.0000,0.0000,0.0000,-146.0000,0.0000,0.0000,0.0000,0.0000,0.0000,0.0000,0.0000,0.0000,0.0000,
0.0000,0.0000,0.0000,0.0000,0.0000,0.0000,0.0000,0.0000,0.0000,0.0000,0.0000,0.0000,0.0000,0.0000,0.0000,
0.0000,0.0000,0.0000,0.0000,0.0000,0.0000,0.0000,0.0000,0.0000,0.0000,0.0000,0.0000,0.0000,0.0000,0.0000,
0.0000,0.0000,0.0000,0.0000,0.0000,0.0000,0.0000,0.0000,0.0000,0.0000,0.0000,0.0000,0.0000,0.0000,0.0000,
0.0000,0.0000,0.0000,0.0000,0.0000,0.0000,0.0000,0.0000,0.0000,0.0000,0.0000,0.0000,0.0000,0.0000,0.0000,
0.0000,0.0000,0.0000,0.0000,0.0000,0.0000,0.0000,0.0000,0.0000,0.0000,0.0000,0.0000,1.0000,0.0000,0.0000,
0.0000,0.0000,0.0000,0.0000,0.0000,0.0000,0.0000,0.0000,1.0000,1.0000,1.0000,1.0000,0.0000,0.0000,0.0000,
0.0000,0.0000,0.0000,0.0000,0.0000,0.0000,0.0000,1.0000,1.0000,1.0000,1.0000,0.0000,0.0000,0.0000,0.0000,
0.0000,0.0000,0.0000,0.0000,0.0000,0.0000,1.0000,0.7548,1.0000,1.0000,1.0000,1.0000,0.0000,0.0000,0.0000,
0.0000,0.0000,0.0000,0.0000,0.0000,0.0000,0.0000,1.0000,1.0000,1.0000,1.0000,0.0000,0.0000,0.0000,0.0000,
0.0000,0.0000,0.0000,0.0000,0.0000,0.0000,1.0000,1.0000,1.0000,1.0000,1.0000,0.0000,0.0000,0.0000,0.0000,
0.0000,0.0000,0.0000,0.0000,0.6848,1.0000,1.0000,1.0000,1.0000,1.0000,0.0000,0.0000,0.0000,0.0000,0.0000,
0.0000,0.0000,0.0000,0.0000,0.0000,0.0000,1.0000,1.0000,1.0000,1.0000,0.0000,0.0000,0.0000,0.0000,0.0000,
0.0000,0.0000,0.0000,0.0000,0.0000,1.0000,0.0000,1.0000,0.0000,1.0000,0.0000,0.0000,0.0000,0.0000,0.0000,
0.0000,0.0000,0.0000,0.0000,1.0000,0.0000,1.0000,0.0000,0.0000,0.0000,0.0000,0.0000,0.0000,0.0000,0.0000,
0.0000,0.0000,0.0000,0.0000,0.0000,1.0000,0.0000,0.0000,0.0000,0.0000,0.0000,0.0000,0.0000,0.0000,0.0000,
